
95.78905327848483 Kappa accuracy (%)
96.31436314363143 Overall accuracy (%)
91.99653078597926 Average accuracy (%)

                              precision    recall  f1-score   support

                     Alfalfa       0.78      0.95      0.86        41
                 Corn-notill       0.96      0.94      0.95      1285
                Corn-mintill       0.96      0.98      0.97       747
                        Corn       0.99      0.71      0.83       213
               Grass-pasture       0.99      0.93      0.96       435
                 Grass-trees       0.99      0.99      0.99       657
         Grass-pasture-mowed       1.00      0.88      0.94        25
               Hay-windrowed       0.99      0.99      0.99       430
                        Oats       0.88      0.78      0.82        18
              Soybean-notill       0.92      0.99      0.95       875
             Soybean-mintill       0.96      0.99      0.98      2210
               Soybean-clean       0.97      0.94      0.96       534
                       Wheat       0.98      0.86      0.92       185
                       Woods       0.98      0.98      0.98      1139
Buildings-Grass-Trees-Drives       0.97      0.95      0.96       347
          Stone-Steel-Towers       0.83      0.86      0.84        84

                    accuracy                           0.96      9225
                   macro avg       0.95      0.92      0.93      9225
                weighted avg       0.96      0.96      0.96      9225

[[  39    0    0    0    0    0    0    2    0    0    0    0    0    0
     0    0]
 [   2 1202    1    0    0    4    0    0    0   22   47    1    0    3
     0    3]
 [   0    3  735    0    1    0    0    0    0    6    0    0    2    0
     0    0]
 [   7   35    4  151    0    1    0    2    0    0    2    8    1    0
     1    1]
 [   0    0    6    0  405    0    0    0    0    4   14    0    0    0
     6    0]
 [   2    3    0    0    0  649    0    0    0    0    2    0    0    1
     0    0]
 [   0    0    0    0    2    0   22    0    0    0    0    0    0    0
     0    1]
 [   0    0    0    0    0    0    0  425    0    1    0    2    0    2
     0    0]
 [   0    0    4    0    0    0    0    0   14    0    0    0    0    0
     0    0]
 [   0    3    1    0    1    0    0    0    0  864    5    0    0    0
     1    0]
 [   0    2    1    0    0    1    0    0    0   10 2194    0    0    2
     0    0]
 [   0    0   11    1    0    0    0    0    2    5    1  502    0    2
     0   10]
 [   0    1    1    0    0    0    0    0    0    6   13    0  159    4
     1    0]
 [   0    4    0    0    0    0    0    1    0   11    2    0    0 1121
     0    0]
 [   0    0    0    0    0    0    0    0    0    1    5    0    0   10
   331    0]
 [   0    0    0    0    0    0    0    0    0    7    0    3    0    2
     0   72]]