
97.5525863643707 Kappa accuracy (%)
97.85365853658536 Overall accuracy (%)
96.11537511685343 Average accuracy (%)

                              precision    recall  f1-score   support

                     Alfalfa       1.00      0.95      0.97        41
                 Corn-notill       0.99      0.95      0.97      1285
                Corn-mintill       0.98      0.99      0.98       747
                        Corn       0.97      0.89      0.93       213
               Grass-pasture       0.94      0.98      0.96       435
                 Grass-trees       0.97      0.98      0.98       657
         Grass-pasture-mowed       1.00      0.88      0.94        25
               Hay-windrowed       0.94      1.00      0.97       430
                        Oats       1.00      0.89      0.94        18
              Soybean-notill       0.99      1.00      0.99       875
             Soybean-mintill       0.97      0.98      0.98      2210
               Soybean-clean       1.00      0.97      0.98       534
                       Wheat       1.00      0.95      0.97       185
                       Woods       1.00      1.00      1.00      1139
Buildings-Grass-Trees-Drives       0.99      0.98      0.99       347
          Stone-Steel-Towers       0.92      0.99      0.95        84

                    accuracy                           0.98      9225
                   macro avg       0.98      0.96      0.97      9225
                weighted avg       0.98      0.98      0.98      9225

[[  39    0    0    0    0    0    0    2    0    0    0    0    0    0
     0    0]
 [   0 1216    0    0    0    3    0    0    0    9   55    0    0    0
     2    0]
 [   0    1  742    1    3    0    0    0    0    0    0    0    0    0
     0    0]
 [   0    7   10  189    0    7    0    0    0    0    0    0    0    0
     0    0]
 [   0    0    0    0  428    2    0    0    0    0    5    0    0    0
     0    0]
 [   0    4    1    3    0  646    0    0    0    0    0    0    0    3
     0    0]
 [   0    0    0    0    3    0   22    0    0    0    0    0    0    0
     0    0]
 [   0    0    0    0    0    0    0  430    0    0    0    0    0    0
     0    0]
 [   0    0    0    0    1    1    0    0   16    0    0    0    0    0
     0    0]
 [   0    0    0    0    0    0    0    0    0  874    1    0    0    0
     0    0]
 [   0    2    0    0    0    9    0   26    0    1 2171    0    0    1
     0    0]
 [   0    0    2    1    8    0    0    0    0    0    0  516    0    0
     0    7]
 [   0    0    0    0   10    0    0    0    0    0    0    0  175    0
     0    0]
 [   0    0    0    0    0    0    0    0    0    0    0    0    0 1139
     0    0]
 [   0    0    6    0    0    0    0    0    0    0    0    0    0    0
   341    0]
 [   0    0    0    0    0    0    0    0    0    0    0    1    0    0
     0   83]]