
93.8105638614523 Kappa accuracy (%)
94.5691056910569 Overall accuracy (%)
90.39458843678374 Average accuracy (%)

                              precision    recall  f1-score   support

                     Alfalfa       0.93      0.63      0.75        41
                 Corn-notill       0.91      0.94      0.92      1285
                Corn-mintill       0.97      0.80      0.87       747
                        Corn       0.87      0.93      0.90       213
               Grass-pasture       0.86      0.99      0.92       435
                 Grass-trees       0.96      0.99      0.97       657
         Grass-pasture-mowed       0.90      0.72      0.80        25
               Hay-windrowed       0.97      0.97      0.97       430
                        Oats       0.58      1.00      0.73        18
              Soybean-notill       0.99      0.96      0.97       875
             Soybean-mintill       0.98      0.97      0.98      2210
               Soybean-clean       0.90      0.92      0.91       534
                       Wheat       0.90      0.98      0.94       185
                       Woods       0.97      0.97      0.97      1139
Buildings-Grass-Trees-Drives       0.95      0.95      0.95       347
          Stone-Steel-Towers       0.81      0.73      0.77        84

                    accuracy                           0.95      9225
                   macro avg       0.90      0.90      0.90      9225
                weighted avg       0.95      0.95      0.95      9225

[[  26    1    1    0    0    0    1    1    0    0    0    1    0    0
     0   10]
 [   0 1203    0    0    0    6    0    7    1    0   43   13    0   10
     0    2]
 [   0   46  594   25   56    5    1    0    4    5    3    2    4    1
     1    0]
 [   0    3    7  199    0    1    0    1    1    0    0    1    0    0
     0    0]
 [   0    0    0    0  432    0    0    3    0    0    0    0    0    0
     0    0]
 [   0    7    0    0    0  648    0    0    1    0    1    0    0    0
     0    0]
 [   0    0    0    0    2    0   18    0    0    0    0    0    5    0
     0    0]
 [   0    0    0    0    0    0    0  419    0    0    0    2    0    0
     9    0]
 [   0    0    0    0    0    0    0    0   18    0    0    0    0    0
     0    0]
 [   0    9    5    0   12    0    0    0    0  839    0    6    1    3
     0    0]
 [   0   23    2    0    0   13    0    0    1    0 2154    4    7    0
     6    0]
 [   2    7    5    2    0    1    0    0    5    3    2  490    4   11
     0    2]
 [   0    0    0    0    2    0    0    0    0    0    0    0  182    0
     1    0]
 [   0   25    1    1    0    0    0    1    0    0    0    1    0 1110
     0    0]
 [   0    1    0    1    0    0    0    2    0    0    0   12    0    0
   331    0]
 [   0    0    0    0    0    0    0    0    0    0    0   13    0    8
     2   61]]