
97.93403308604624 Kappa accuracy (%)
98.18970189701896 Overall accuracy (%)
95.66295869480554 Average accuracy (%)

                              precision    recall  f1-score   support

                     Alfalfa       1.00      0.83      0.91        41
                 Corn-notill       0.99      0.95      0.97      1285
                Corn-mintill       0.99      0.99      0.99       747
                        Corn       1.00      0.98      0.99       213
               Grass-pasture       0.98      1.00      0.99       435
                 Grass-trees       0.99      0.99      0.99       657
         Grass-pasture-mowed       1.00      1.00      1.00        25
               Hay-windrowed       0.99      1.00      1.00       430
                        Oats       0.94      0.83      0.88        18
              Soybean-notill       0.99      0.99      0.99       875
             Soybean-mintill       0.97      1.00      0.98      2210
               Soybean-clean       0.97      0.97      0.97       534
                       Wheat       1.00      0.91      0.95       185
                       Woods       0.99      1.00      1.00      1139
Buildings-Grass-Trees-Drives       0.98      0.98      0.98       347
          Stone-Steel-Towers       0.87      0.89      0.88        84

                    accuracy                           0.98      9225
                   macro avg       0.98      0.96      0.97      9225
                weighted avg       0.98      0.98      0.98      9225

[[  34    0    0    0    0    0    0    4    0    0    0    0    0    0
     0    3]
 [   0 1216    2    0    0    1    0    0    0    5   52    5    0    2
     2    0]
 [   0    4  740    0    3    0    0    0    0    0    0    0    0    0
     0    0]
 [   0    3    1  209    0    0    0    0    0    0    0    0    0    0
     0    0]
 [   0    0    1    0  434    0    0    0    0    0    0    0    0    0
     0    0]
 [   0    2    0    0    0  648    0    0    0    0    0    0    0    7
     0    0]
 [   0    0    0    0    0    0   25    0    0    0    0    0    0    0
     0    0]
 [   0    0    0    0    0    0    0  430    0    0    0    0    0    0
     0    0]
 [   0    0    0    0    1    2    0    0   15    0    0    0    0    0
     0    0]
 [   0    0    0    0    1    0    0    0    0  866    3    0    0    0
     5    0]
 [   0    0    0    0    5    3    0    0    0    3 2199    0    0    0
     0    0]
 [   0    0    0    1    0    0    0    0    1    4    0  520    0    0
     0    8]
 [   0    0    0    0    0    0    0    0    0    0   17    0  168    0
     0    0]
 [   0    1    0    0    0    0    0    0    0    0    0    0    0 1138
     0    0]
 [   0    3    0    0    1    0    0    0    0    0    0    1    0    1
   341    0]
 [   0    0    0    0    0    0    0    0    0    0    0    9    0    0
     0   75]]