
97.24142337686091 Kappa accuracy (%)
97.58265582655827 Overall accuracy (%)
94.84034192400861 Average accuracy (%)

                              precision    recall  f1-score   support

                     Alfalfa       0.97      0.90      0.94        41
                 Corn-notill       0.99      0.95      0.97      1285
                Corn-mintill       0.95      0.99      0.97       747
                        Corn       0.97      0.89      0.93       213
               Grass-pasture       0.99      0.96      0.97       435
                 Grass-trees       0.99      0.99      0.99       657
         Grass-pasture-mowed       1.00      0.96      0.98        25
               Hay-windrowed       0.99      0.99      0.99       430
                        Oats       0.75      0.83      0.79        18
              Soybean-notill       0.96      0.99      0.97       875
             Soybean-mintill       0.97      0.99      0.98      2210
               Soybean-clean       0.97      0.95      0.96       534
                       Wheat       0.99      0.99      0.99       185
                       Woods       0.99      1.00      1.00      1139
Buildings-Grass-Trees-Drives       0.99      0.97      0.98       347
          Stone-Steel-Towers       0.97      0.82      0.89        84

                    accuracy                           0.98      9225
                   macro avg       0.96      0.95      0.96      9225
                weighted avg       0.98      0.98      0.98      9225

[[  37    0    2    0    0    0    0    1    0    1    0    0    0    0
     0    0]
 [   1 1215    6    1    0    0    0    0    0   10   52    0    0    0
     0    0]
 [   0    2  739    4    2    0    0    0    0    0    0    0    0    0
     0    0]
 [   0    0   20  190    1    0    0    0    0    2    0    0    0    0
     0    0]
 [   0    0    1    0  416    0    0    1    0    0    8    8    1    0
     0    0]
 [   0    2    0    0    0  653    0    0    0    0    0    0    0    2
     0    0]
 [   0    0    0    0    0    0   24    1    0    0    0    0    0    0
     0    0]
 [   0    0    0    0    0    0    0  427    0    1    0    0    0    2
     0    0]
 [   0    0    3    0    0    0    0    0   15    0    0    0    0    0
     0    0]
 [   0    1    0    0    1    0    0    0    0  868    1    0    1    1
     2    0]
 [   0    6    1    0    0    4    0    0    0   13 2184    0    0    2
     0    0]
 [   0    2    5    1    2    0    0    0    5    8    2  507    0    0
     0    2]
 [   0    0    0    0    0    0    0    0    0    0    1    0  183    0
     1    0]
 [   0    0    0    0    0    0    0    0    0    0    0    0    0 1139
     0    0]
 [   0    1    3    0    0    0    0    0    0    0    6    0    0    1
   336    0]
 [   0    0    2    0    0    0    0    0    0    4    0    9    0    0
     0   69]]